1:8,8,5,5,7,7,1,4,6,8,2,3,9,5,3,6,4,3,8,2,7,2,5,3,7,2,3,6,2,4
2:2,1,9,2,2,8,8,3,1,8,9,4,7,2,1,7,9,7,7,4,2,2,4,9,8,1,9,7,6,5
3:4,5,5,5,5,2,2,8,5,2,2,3,5,8,4,2,2,5,8,5,8,6,5,1,5,9,4,1,8,7
4:1,9,1,4,8,1,1,4,9,8,5,6,3,3,8,2,5,1,1,8,5,1,3,4,8,1,7,1,8,2
5:6,4,5,5,2,5,7,9,8,5,7,1,7,5,2,1,3,7,7,2,8,3,2,5,1,9,8,4,6,4
6:1,4,6,3,3,4,7,7,2,5,8,2,8,7,1,8,8,1,7,3,3,7,8,6,9,4,1,7,5,5
7:1,8,1,4,9,2,3,5,8,3,3,8,5,6,9,4,7,8,6,2,8,4,8,3,9,4,5,5,2,1
8:9,3,5,7,2,8,2,3,6,4,2,6,7,2,2,3,2,9,9,2,7,8,5,4,5,9,2,8,6,3
9:6,8,6,4,1,2,8,2,8,5,9,6,9,3,8,3,7,1,9,2,2,8,3,9,8,9,8,4,1,3
10:5,3,7,5,8,9,4,4,8,7,7,9,6,7,1,3,6,1,7,3,7,4,4,3,7,4,1,2,9,1
11:6,3,4,3,2,3,9,5,9,1,5,2,6,2,7,6,2,6,8,8,3,6,1,6,1,2,9,7,7,1
12:9,8,5,9,9,4,7,3,1,7,4,4,4,8,3,2,8,7,9,7,8,2,7,8,7,7,2,3,7,4
13:6,7,1,3,8,2,5,3,2,5,9,9,5,2,3,3,1,9,2,6,3,4,5,5,7,5,6,3,4,6
14:1,9,3,2,3,3,6,7,2,1,5,2,6,9,7,7,2,6,2,9,9,6,3,3,2,2,1,6,6,5
15:6,2,3,8,3,2,7,3,4,2,7,4,9,8,3,1,3,5,2,5,9,4,4,1,5,2,3,1,5,2
16:9,6,2,8,2,6,1,7,5,6,5,3,9,6,7,5,8,3,2,2,5,9,6,3,9,7,2,2,7,8
17:2,9,5,3,2,2,3,5,5,2,7,4,1,1,6,7,3,2,8,7,2,2,1,9,6,2,9,4,3,5
18:1,3,8,9,9,3,1,4,6,1,3,2,5,4,1,4,3,7,6,3,1,2,3,5,3,5,5,6,1,4
19:1,6,7,2,5,4,5,6,2,7,9,3,5,4,7,2,9,9,5,7,8,7,7,4,6,6,4,1,2,4
20:5,8,8,5,9,2,1,2,5,1,8,6,4,9,1,6,8,5,9,9,8,3,3,2,9,4,8,2,6,3
21:1,6,8,6,3,2,5,1,2,4,2,5,4,3,6,4,8,1,6,6,1,4,8,7,9,4,2,2,9,3
22:4,2,5,6,8,1,1,9,6,1,4,8,5,6,3,2,3,6,7,3,2,9,4,6,1,3,1,2,7,3
23:3,3,6,9,3,1,9,6,4,9,1,2,7,8,1,4,9,1,9,4,9,9,4,4,4,5,2,5,9,6
24:4,6,3,2,8,4,9,5,7,8,1,7,8,5,6,8,4,6,8,8,1,1,9,4,8,6,8,1,1,2
25:2,2,3,8,1,8,4,5,3,8,7,5,3,3,1,4,5,5,9,3,7,9,5,7,2,5,4,3,3,5
26:2,9,1,2,8,1,8,1,4,9,1,1,6,7,8,8,9,6,1,4,8,9,5,1,5,7,8,2,1,1
27:4,5,1,8,8,1,5,1,3,8,5,7,1,7,1,2,1,9,2,3,2,6,9,1,4,5,6,8,6,4
28:9,8,5,4,4,5,5,4,8,1,2,7,2,5,8,8,2,9,7,4,1,9,2,2,4,3,6,3,1,2
29:1,1,3,3,9,9,6,6,8,9,9,7,2,6,2,2,1,3,4,2,9,8,4,8,3,1,2,9,7,4
30:5,4,4,8,2,7,3,5,4,1,9,6,2,9,4,8,8,7,6,3,4,7,5,9,5,2,6,2,8,3
31:4,5,7,5,4,8,1,4,9,8,2,8,5,5,3,7,9,5,8,4,5,9,6,2,6,7,3,1,1,3
32:8,3,7,2,6,1,4,8,8,3,9,8,2,3,7,2,6,1,6,1,1,6,7,9,2,9,1,3,6,4
33:5,6,2,2,4,6,3,7,7,5,2,7,7,8,9,1,2,8,3,3,8,5,5,5,9,6,4,2,9,2
34:7,9,9,4,2,3,4,4,3,4,8,5,3,5,6,3,1,7,8,2,6,8,2,2,7,5,7,4,2,2
35:6,4,6,6,9,8,1,7,6,3,3,7,2,8,2,3,6,8,2,8,8,8,5,5,9,6,2,9,7,8
36:3,2,8,9,6,9,8,6,7,2,5,8,1,7,4,6,5,9,9,9,3,1,4,1,3,2,8,4,3,5
37:6,3,2,9,8,5,9,4,6,7,5,2,5,8,6,2,9,2,7,8,8,3,5,4,6,3,6,9,3,5
38:1,4,4,5,5,1,7,3,9,8,8,5,2,8,2,3,6,3,9,4,1,3,9,7,3,8,2,6,4,6
39:1,9,2,4,5,3,8,8,4,9,8,9,3,3,8,4,1,6,4,8,2,8,4,5,3,9,2,3,5,7
40:4,8,1,9,1,1,6,6,5,1,4,6,9,2,8,7,3,5,4,7,4,9,7,2,5,7,1,8,4,5
41:4,7,4,7,9,6,5,6,8,5,4,5,5,1,5,2,5,8,3,8,1,9,9,3,2,1,9,6,4,7
42:1,1,1,6,6,4,9,5,2,2,3,9,9,4,2,5,1,6,1,4,4,8,8,5,8,4,3,1,4,6
43:3,5,3,1,5,7,3,3,1,6,5,5,2,2,8,3,3,8,4,3,8,1,4,3,7,6,2,7,1,8
44:2,9,4,5,3,3,2,5,8,4,1,1,8,8,2,2,1,9,4,5,1,5,1,6,7,9,5,5,9,3
45:9,3,7,7,7,2,9,8,7,1,3,1,4,7,3,4,5,5,3,6,7,7,4,1,7,5,4,5,7,7
46:9,3,4,7,9,8,7,2,9,5,1,4,9,9,4,8,3,5,1,8,8,2,3,8,4,8,7,1,4,6
47:7,9,9,2,6,3,1,6,9,8,7,7,1,4,9,6,8,7,7,2,7,6,3,5,7,8,8,8,7,3
48:7,4,9,7,2,2,5,7,1,6,9,4,6,7,5,5,5,1,7,6,4,1,1,9,8,1,3,9,3,2
49:7,8,5,6,1,9,1,8,6,2,9,5,4,7,5,2,9,3,4,9,4,1,2,2,1,6,6,9,8,6
50:9,4,8,3,4,8,4,6,9,5,6,5,2,5,1,1,2,2,9,4,6,7,6,8,7,4,4,4,5,2
51:4,6,1,8,3,7,3,4,5,9,3,3,9,8,5,2,6,6,1,7,2,7,9,2,7,9,2,6,5,9
52:7,8,9,5,7,3,5,8,1,8,7,1,9,6,6,1,1,8,7,3,3,9,1,1,7,1,1,8,6,9
53:3,6,2,8,8,9,4,3,7,1,3,1,9,5,6,6,7,8,6,6,2,2,8,3,1,3,1,4,7,9
54:8,9,6,7,6,3,9,6,6,4,4,4,6,1,5,9,6,2,2,1,8,5,2,3,4,4,2,9,4,5
55:6,2,2,9,7,2,6,3,5,2,4,6,5,2,8,8,8,2,8,6,9,6,9,9,2,8,8,2,8,7
56:9,1,5,8,3,1,2,2,2,9,2,8,4,9,4,1,1,4,8,6,2,3,1,3,9,5,5,4,6,4
57:4,8,8,5,2,7,1,2,2,6,7,8,7,6,7,1,9,6,5,2,6,4,2,9,2,9,8,6,9,4
58:9,1,4,3,2,8,9,7,5,6,4,8,7,4,2,7,6,2,7,7,6,2,5,4,1,8,5,2,6,9
59:8,8,1,1,2,8,6,9,1,1,4,8,1,4,2,3,7,9,7,6,9,4,6,7,7,4,1,3,9,2
60:4,3,1,3,6,3,3,1,3,3,8,8,9,8,5,5,3,1,5,4,1,6,8,8,8,1,8,5,7,8
61:7,9,9,2,6,3,1,6,9,8,7,7,1,4,9,6,8,7,7,2,7,6,3,5,7,8,8,8,7,6
62:3,5,7,7,7,8,6,8,4,7,1,6,4,1,7,3,9,3,6,6,1,3,8,7,3,4,5,5,5,8
63:2,1,5,4,3,8,9,3,7,3,7,4,4,3,6,8,2,1,8,4,6,9,7,4,3,8,6,2,8,5
64:7,8,2,2,4,4,5,1,3,1,9,4,8,9,2,8,5,8,9,5,7,1,5,9,7,9,4,1,5,5
65:3,2,7,2,4,7,4,9,8,9,8,5,3,5,4,3,8,6,7,8,7,4,4,5,1,9,9,7,1,4
66:3,8,6,8,5,2,2,9,2,4,9,4,9,6,8,7,4,7,2,5,8,7,6,2,9,5,1,2,4,2
67:3,5,2,5,8,4,9,6,5,9,1,2,4,3,5,4,1,2,1,4,1,5,8,6,3,8,8,2,2,7
68:4,3,8,7,8,3,5,5,5,8,6,7,4,5,7,6,8,1,8,1,8,4,5,1,9,4,2,7,5,8
69:4,1,5,6,8,1,1,9,6,1,4,8,5,6,3,2,3,6,7,3,2,9,4,6,1,3,1,2,7,3
70:7,4,8,6,7,6,1,4,7,1,9,5,7,5,6,4,2,6,4,5,2,3,9,5,5,4,6,6,1,2
71:1,3,3,5,9,7,1,1,6,2,2,7,5,8,9,8,8,1,5,7,1,5,3,3,9,9,7,2,3,9
72:8,7,2,3,5,5,5,3,9,2,5,5,8,5,9,1,2,8,3,2,7,6,4,2,7,4,7,3,5,3
73:2,6,7,3,5,9,6,5,2,9,8,1,1,2,6,4,7,2,7,2,2,4,4,5,1,5,7,9,3,6
74:2,3,1,5,1,7,4,7,1,5,2,9,4,2,9,5,8,2,5,3,3,7,3,7,2,2,3,9,8,2
75:4,8,9,8,8,8,8,3,1,3,7,6,9,3,4,9,5,8,2,1,6,4,5,7,5,2,9,7,8,8
76:3,8,4,9,6,5,8,1,6,8,9,8,5,1,6,4,8,8,5,7,6,1,9,7,7,5,5,8,5,6
77:5,4,8,9,5,3,2,1,8,6,9,2,2,3,8,4,8,3,3,5,9,2,9,9,6,6,2,4,7,1
78:4,6,1,8,3,7,3,4,5,9,3,3,9,8,5,2,6,6,1,7,2,7,9,2,7,9,2,6,5,9
79:4,2,5,6,8,1,1,9,6,1,4,8,5,6,3,2,3,6,7,3,2,9,4,6,1,3,1,2,7,7
80:2,6,5,2,5,5,1,3,5,8,5,9,4,3,2,6,5,8,2,3,1,2,9,8,4,9,2,6,3,9
81:7,8,9,4,1,3,4,5,3,3,4,5,7,9,5,3,9,4,4,7,6,2,2,3,6,2,3,2,8,6
82:4,5,7,8,6,2,6,6,5,1,7,7,9,4,9,8,6,8,1,2,8,2,9,9,1,9,3,2,4,3
83:3,2,8,9,6,9,8,6,7,2,5,8,1,7,4,6,5,9,9,9,3,1,4,1,3,2,8,4,3,5
84:8,1,1,4,2,3,5,8,3,6,8,5,3,4,3,6,5,8,7,2,1,5,8,3,9,8,8,2,7,4
85:2,3,1,1,1,3,4,3,8,7,1,2,2,2,6,7,8,1,3,1,5,5,7,6,5,3,2,1,9,2
86:4,7,5,6,4,1,8,5,5,7,9,4,6,7,1,6,7,7,9,1,4,6,1,4,6,2,9,2,4,3
87:3,9,8,9,7,2,9,2,3,8,8,5,4,8,6,9,9,5,2,9,3,9,2,5,4,4,8,5,3,8
88:4,2,8,8,4,6,3,7,5,5,2,8,2,4,4,4,1,1,3,4,7,1,7,1,4,8,1,8,3,1
89:1,6,9,1,7,4,5,5,9,2,3,3,4,8,3,2,1,5,8,3,7,7,3,8,6,5,8,6,3,1
90:2,9,4,3,3,9,2,1,8,7,4,7,4,1,9,9,3,9,4,9,8,2,7,2,2,2,8,2,7,5
91:1,9,9,5,5,1,1,9,7,8,1,2,1,7,5,9,6,6,5,6,8,9,8,9,9,5,5,5,8,7
92:8,1,5,7,7,7,2,6,1,7,3,2,7,5,4,5,9,3,7,1,7,5,4,2,2,9,8,6,1,5
93:3,4,4,7,1,1,7,8,8,4,3,4,1,9,9,3,8,2,8,7,4,2,5,4,6,1,8,1,8,3
94:9,7,1,4,6,4,2,6,1,1,3,6,6,3,3,1,4,8,4,1,2,7,7,7,6,8,6,9,9,8
95:2,4,8,9,2,6,5,5,4,2,2,4,5,2,7,2,8,9,4,2,4,3,5,3,3,3,6,5,3,1
96:4,3,1,5,5,3,4,6,5,4,4,3,4,8,5,2,7,6,1,2,4,6,7,7,4,1,2,3,1,7
97:3,2,7,2,4,7,4,9,8,9,8,5,3,5,4,3,8,6,7,8,7,4,4,5,1,4,9,7,1,4
98:4,6,3,5,5,4,2,9,8,7,6,2,1,6,1,7,7,7,9,3,6,5,1,5,8,2,1,2,6,1
99:3,9,8,9,7,2,9,2,3,8,8,5,4,8,6,9,2,5,2,9,3,9,2,5,4,4,8,5,3,9
100:2,2,8,8,7,9,5,5,9,4,5,4,8,2,3,5,2,4,9,1,7,9,7,8,5,8,1,1,3,5
101:2,6,1,2,4,2,6,5,8,7,7,1,7,5,4,9,6,5,4,6,2,6,8,1,5,8,3,4,1,9
102:9,8,5,4,4,5,5,4,8,1,2,7,2,5,8,8,2,9,7,4,1,9,2,2,4,3,6,6,1,3
103:1,1,3,3,9,9,6,1,8,9,9,7,2,6,2,2,1,3,4,2,9,8,4,8,3,1,2,9,7,4
104:6,4,5,4,3,9,7,9,3,3,3,9,9,6,3,1,2,9,4,7,6,3,3,1,4,5,7,9,8,6
105:9,5,5,5,8,4,4,6,4,7,7,3,9,2,7,5,2,5,7,4,9,9,4,9,4,5,3,2,9,7
106:5,7,6,4,6,5,5,1,4,8,5,9,9,8,4,9,6,5,8,4,3,7,5,7,4,1,9,7,2,1
107:5,9,8,8,5,8,8,4,5,7,5,2,2,6,3,5,7,6,3,4,7,2,3,4,6,9,4,5,3,4
108:4,6,9,7,2,6,8,8,8,4,9,9,3,8,3,5,2,9,2,5,7,4,1,2,8,8,8,8,3,2
109:9,9,8,1,4,2,2,7,3,5,9,9,8,6,2,7,5,9,7,8,4,9,9,7,4,9,1,5,9,8
110:2,6,7,3,4,9,1,9,1,5,6,5,2,3,9,8,2,4,8,5,3,7,5,8,8,6,1,2,7,5
111:5,2,9,5,5,3,8,4,2,2,9,3,5,7,2,2,1,7,2,2,5,4,4,4,6,9,6,8,5,1
112:8,4,6,2,1,1,9,1,9,2,4,3,9,4,3,6,7,1,1,7,2,2,5,1,7,6,3,4,2,4
113:2,6,7,3,4,9,1,9,1,5,6,5,2,3,9,8,4,4,8,5,3,7,5,8,8,6,1,2,7,6
114:5,9,1,6,1,1,5,9,3,6,3,5,2,5,7,6,9,5,5,5,9,5,7,7,8,9,8,9,8,7
115:1,8,1,7,4,5,5,2,8,9,2,4,3,6,8,1,1,3,3,1,4,4,4,7,3,6,1,7,4,6
116:2,1,8,8,6,9,1,5,9,9,7,1,7,9,9,7,9,3,9,9,3,9,8,1,3,2,1,4,3,3
117:3,5,7,7,7,8,6,8,4,7,1,6,4,1,7,3,9,3,6,6,1,3,8,7,3,4,5,5,5,9
118:2,3,1,5,1,7,4,7,1,5,2,9,4,2,9,5,8,1,5,3,3,7,3,7,2,2,3,9,8,2
119:2,3,2,6,8,1,7,4,1,6,6,9,1,2,3,8,8,8,5,2,3,9,1,7,8,2,3,1,4,8
120:6,6,8,3,2,1,9,2,1,1,4,1,7,9,8,2,8,7,3,1,4,3,3,4,8,4,4,4,7,1
121:7,3,3,4,4,6,7,1,9,7,4,5,1,7,3,3,2,3,8,1,8,5,3,6,6,4,7,2,6,4
122:6,5,5,9,6,3,6,7,7,3,5,5,8,7,7,7,5,5,2,6,1,5,3,3,1,7,7,6,4,6
123:8,2,8,5,2,2,8,7,1,8,5,6,6,9,9,5,4,4,8,5,8,5,8,9,6,4,7,8,5,5
124:6,5,5,9,6,3,6,7,7,3,5,5,8,7,7,7,5,5,2,6,1,5,3,3,2,7,7,6,4,1
125:1,9,9,7,6,3,1,9,5,4,3,3,9,1,7,8,2,7,3,8,2,5,1,7,5,6,6,2,5,9
126:9,1,5,8,3,1,2,2,2,9,2,8,4,9,4,1,1,4,8,6,2,3,1,3,9,5,5,4,6,4
127:2,7,9,5,4,1,6,1,6,7,1,3,8,3,9,5,8,7,6,3,3,4,1,4,3,5,4,7,7,5
128:5,9,1,6,1,1,5,9,3,6,3,5,2,5,7,6,9,5,5,5,9,5,7,7,8,9,8,9,4,5
129:4,1,9,7,9,9,9,2,8,3,3,8,5,3,7,8,5,8,1,2,8,9,8,3,4,7,5,8,3,1
130:3,2,7,2,4,7,4,9,8,9,8,5,3,5,4,3,8,6,7,8,7,4,4,5,1,9,9,7,1,4
131:4,1,7,4,9,9,4,3,7,8,6,6,8,2,8,7,3,7,5,4,9,1,6,1,7,8,4,3,7,4
132:4,6,4,2,8,3,9,8,5,1,6,1,7,9,1,7,7,1,8,3,4,2,4,8,5,1,6,2,9,9
133:6,9,9,9,1,8,3,1,4,7,4,1,1,1,3,1,5,6,8,7,2,2,4,4,3,8,2,7,4,2
134:9,8,2,6,4,9,3,9,3,8,5,2,6,1,9,2,9,4,7,9,8,9,3,1,6,6,3,8,5,1
135:5,5,1,7,1,5,3,9,7,1,8,6,5,3,5,5,9,4,3,7,2,9,5,6,6,5,5,7,3,8
136:2,5,6,7,5,4,5,4,4,3,1,9,4,8,1,3,5,6,3,1,1,1,9,8,2,2,7,8,5,2
137:3,3,9,5,8,4,7,7,8,2,3,3,5,5,6,6,6,2,4,5,7,6,8,5,1,4,2,2,4,2
138:8,8,1,3,1,9,6,8,5,6,4,3,2,6,5,3,4,6,5,5,1,8,4,6,4,7,7,8,7,2
139:6,2,3,9,1,7,4,7,3,1,4,1,9,3,8,2,7,6,4,7,4,9,2,1,2,5,3,8,9,2
140:2,8,6,9,7,1,5,1,8,1,9,1,9,7,2,1,1,3,8,3,1,5,9,4,5,4,8,2,7,3
141:6,5,6,1,3,7,3,6,6,2,6,4,5,8,1,1,3,5,4,1,1,4,2,8,1,6,5,6,1,3
142:4,2,2,9,4,8,3,1,6,6,4,3,8,8,6,3,9,4,4,2,2,8,2,2,7,1,2,6,8,3
143:4,6,1,1,2,4,1,3,5,7,9,1,3,6,2,3,7,4,6,8,5,3,4,1,2,3,7,8,5,6
144:7,7,5,8,6,5,2,3,1,3,3,6,6,4,9,5,1,6,4,6,6,1,8,3,9,5,5,6,7,2
145:7,2,4,3,9,6,8,4,1,3,6,6,1,4,3,2,1,8,6,6,8,6,5,8,1,3,7,2,2,5
146:1,3,3,5,9,7,1,1,6,2,2,7,5,8,9,8,8,1,5,7,1,5,3,3,9,9,7,2,3,8
147:2,1,5,4,3,8,9,3,7,3,7,4,4,3,6,8,2,1,8,4,6,9,7,4,3,8,6,1,8,5
148:1,6,7,2,5,3,5,6,2,7,9,3,5,4,7,2,9,9,5,7,8,7,7,4,6,6,4,1,2,8
149:7,3,3,4,8,5,9,6,1,5,7,8,5,3,4,8,5,3,9,3,6,1,5,1,8,4,8,8,7,9
150:9,8,5,9,9,4,7,3,1,7,4,4,4,8,3,2,8,9,9,7,8,2,7,8,7,7,2,3,7,7
151:8,4,6,2,1,1,9,1,9,2,4,3,9,4,3,6,7,1,1,7,2,2,5,1,7,6,3,4,2,5
152:5,4,6,8,3,1,5,7,7,9,1,3,9,7,3,1,4,6,4,5,5,9,1,2,6,3,6,6,2,7
153:4,5,7,8,6,4,9,9,5,2,6,9,7,3,8,3,5,1,4,7,3,5,6,9,2,8,4,7,8,4
154:7,2,4,3,9,6,8,4,1,3,6,6,1,4,3,2,8,8,6,6,8,6,5,8,1,3,7,2,2,2
155:7,3,6,5,5,3,4,4,7,6,3,1,9,8,2,8,4,2,8,8,4,6,7,4,3,8,4,7,3,8
156:3,8,4,9,6,5,8,1,6,8,9,8,6,1,6,4,8,8,5,7,6,1,9,7,7,5,5,8,5,8
157:9,4,8,8,6,4,3,4,2,8,6,7,9,9,1,4,2,5,5,8,5,8,1,8,9,9,9,7,6,4
158:1,6,7,3,9,1,1,6,3,6,7,9,7,9,8,7,8,5,1,8,7,5,2,7,5,7,4,1,6,2
159:8,8,3,2,2,6,8,4,5,8,8,3,1,8,2,4,1,7,8,9,1,8,5,9,4,1,4,7,3,7
160:6,1,7,7,5,9,7,4,5,7,5,6,1,2,6,8,5,6,4,7,5,2,3,7,3,6,1,8,8,4
161:2,7,8,9,7,6,5,1,4,1,3,4,5,7,3,1,1,7,7,2,3,4,7,7,9,1,4,3,7,2
162:9,6,3,1,9,1,3,6,5,6,8,1,2,1,1,1,9,3,7,2,2,5,1,9,8,1,2,6,9,9
163:1,3,9,2,2,7,7,3,1,1,9,8,7,4,8,1,9,8,4,5,3,9,1,5,5,5,3,6,8,4
164:8,5,1,5,3,4,6,1,2,3,4,6,2,2,9,8,5,5,8,4,3,5,7,8,9,6,9,8,6,2
165:3,9,8,5,9,2,9,5,9,3,5,6,6,8,2,8,3,3,7,1,4,3,5,2,8,2,8,7,9,4
166:3,1,7,3,9,2,8,9,6,3,1,5,3,2,1,2,6,3,3,6,3,9,3,6,2,3,6,5,5,9
167:9,1,1,9,5,9,4,4,3,7,3,5,6,3,8,4,1,8,8,1,7,1,7,5,3,9,2,3,8,5
168:4,9,3,2,6,8,7,5,1,2,4,1,4,3,9,2,3,3,4,6,1,4,9,7,7,1,6,5,9,6
169:8,9,9,7,2,1,7,5,7,1,3,1,3,5,7,5,3,5,2,8,1,7,1,4,3,5,6,9,8,7
170:9,8,5,4,4,5,5,4,8,1,2,7,2,5,8,8,2,9,7,4,1,9,2,2,4,3,6,3,1,3
171:7,5,6,7,8,8,8,6,4,2,1,2,9,9,1,1,1,2,9,6,9,2,1,7,2,4,3,3,2,6
172:9,7,1,4,6,4,2,6,1,1,3,6,6,3,3,1,4,8,4,1,2,7,7,7,6,8,6,9,9,1
173:8,2,9,1,4,2,3,1,8,6,6,1,1,7,4,7,6,5,4,6,8,5,4,7,5,1,3,3,2,3
174:9,1,1,3,2,6,2,2,7,2,1,1,2,5,4,5,8,9,2,2,9,4,1,6,9,9,9,1,7,2
175:5,6,4,8,2,7,8,5,5,9,6,3,6,4,6,2,8,2,3,2,4,2,8,4,8,7,7,7,3,1
176:8,1,7,8,3,7,7,6,5,4,4,9,2,1,6,1,4,7,8,2,4,2,3,7,9,7,5,2,2,9
177:4,3,2,4,4,4,8,9,8,1,5,5,9,2,9,4,5,1,2,6,2,9,1,8,8,9,5,6,8,4
178:6,6,7,7,1,8,9,8,8,1,9,1,3,7,5,5,8,2,6,6,3,2,1,2,8,5,3,2,9,1
179:6,7,1,3,8,2,5,3,2,5,9,9,5,2,3,3,1,9,2,6,3,4,5,5,7,1,6,3,4,6
180:5,2,9,5,5,3,8,4,2,2,9,3,5,7,2,2,1,7,2,2,5,1,4,4,6,9,6,8,5,4
181:3,5,6,9,1,8,4,6,3,7,5,1,9,1,1,1,9,7,6,6,8,5,4,4,1,3,6,5,3,8
182:7,4,4,9,8,6,5,8,6,9,7,6,4,8,9,9,3,3,7,4,8,7,1,5,2,7,7,1,2,6
183:9,8,5,9,9,4,7,3,1,7,4,4,4,8,3,2,8,7,9,7,8,2,7,8,7,7,2,3,7,7
184:7,8,9,4,1,3,4,5,3,3,4,5,7,9,5,3,9,4,4,7,6,2,2,3,6,3,3,2,8,1
185:4,1,1,2,4,1,8,1,5,3,4,9,4,6,9,9,1,7,9,4,3,2,4,9,4,1,3,3,2,8
186:4,5,7,5,4,8,1,4,9,8,3,8,5,5,3,7,9,5,8,4,5,9,6,2,6,7,3,1,1,7
187:2,9,4,5,3,3,2,5,8,4,1,1,8,8,2,2,1,9,4,1,1,5,1,6,7,9,5,5,9,5
188:2,3,7,5,2,9,8,3,8,9,8,1,5,9,8,4,9,6,6,3,8,4,1,9,8,8,5,3,9,8
189:5,2,9,5,5,3,8,4,2,2,9,3,5,7,2,2,1,7,2,2,5,4,4,4,6,9,6,8,5,4
190:3,8,6,8,5,2,2,9,2,4,9,4,9,6,8,7,4,7,2,5,8,7,6,2,9,5,1,2,4,8
191:4,5,4,5,6,6,6,5,6,8,9,6,9,4,8,8,3,6,3,1,7,8,8,7,9,5,3,5,4,8
192:1,1,9,5,9,2,1,6,1,1,4,8,5,1,1,9,4,8,5,3,1,3,9,4,8,7,7,2,9,5
193:7,9,9,2,6,3,1,6,9,8,7,7,1,4,9,6,8,7,7,2,7,6,3,5,7,8,8,8,7,6
194:1,9,4,7,4,6,9,3,3,7,5,8,1,9,5,1,5,8,1,7,8,9,1,5,3,3,1,1,5,4
195:5,8,8,5,9,2,1,2,5,1,8,6,4,9,1,6,8,5,9,9,8,3,3,2,9,4,8,2,6,8
196:8,6,8,9,9,4,2,9,4,6,8,4,3,6,1,1,7,9,7,6,8,1,2,8,1,3,2,4,3,4
197:8,6,8,8,1,5,4,5,9,8,1,4,5,6,1,8,1,5,5,6,1,4,3,7,1,6,9,2,9,1
198:4,3,2,8,8,7,5,1,6,3,3,6,7,4,1,6,1,8,1,3,7,5,6,6,5,7,6,6,7,6
199:4,8,9,8,8,8,8,3,1,3,7,6,9,3,4,9,5,8,2,1,6,4,5,7,5,9,9,7,8,8
200:9,2,6,4,2,7,4,8,6,7,4,6,4,5,1,1,3,2,3,5,6,8,6,1,5,3,5,6,5,7
201:1,9,7,3,1,2,8,8,4,8,5,8,6,4,4,2,2,8,4,3,5,9,9,7,3,4,8,1,8,6
202:8,6,8,8,1,5,4,5,9,8,1,4,5,6,1,8,1,5,5,6,1,4,3,7,1,6,9,2,9,4
203:2,7,9,5,4,1,6,1,6,7,1,3,8,3,9,5,8,7,6,3,3,4,1,4,3,5,4,7,7,4
204:3,4,4,4,8,6,3,2,5,9,3,7,6,3,3,9,1,9,8,4,9,3,9,2,9,8,1,3,4,7
205:4,2,5,3,2,7,9,5,1,8,7,3,6,1,6,9,1,1,8,3,7,7,1,5,8,5,4,9,2,3
206:7,4,8,2,6,6,6,9,4,6,8,3,9,7,6,5,3,8,7,4,9,9,2,5,7,8,5,4,4,1
207:4,7,7,4,9,9,4,3,7,8,6,6,8,2,8,7,3,7,5,4,9,1,6,1,7,8,4,3,7,9
208:2,6,7,3,4,9,1,9,1,5,6,5,2,3,9,8,4,4,8,5,3,7,5,8,8,6,1,2,7,5
209:1,6,8,3,4,8,8,8,9,7,6,4,4,4,5,1,1,3,7,1,4,6,8,2,4,8,1,3,2,2
210:7,4,8,6,7,6,1,4,7,1,9,5,7,5,6,4,2,9,4,5,2,3,9,5,5,4,6,6,1,4
211:6,4,1,4,2,8,6,3,8,2,8,8,7,4,2,7,6,8,1,6,2,8,6,4,2,7,9,6,4,1
212:3,1,6,2,4,6,8,9,9,4,1,2,4,9,3,2,9,1,6,5,1,9,6,9,2,1,1,9,1,3
213:9,3,9,4,9,6,8,7,7,7,8,4,5,4,2,4,1,3,9,4,6,1,9,1,2,6,8,7,7,2
214:9,1,1,9,5,9,4,4,3,7,3,5,6,3,8,4,1,8,8,1,7,1,7,5,3,9,2,2,8,5
215:1,4,7,2,4,2,5,3,8,7,6,6,7,7,5,8,5,1,9,6,8,2,4,6,1,4,3,6,3,2
216:7,7,7,8,6,5,2,3,1,3,3,6,6,4,9,5,1,6,4,6,6,1,8,3,9,5,5,6,7,3
217:9,7,6,2,3,6,7,8,3,8,9,4,4,4,4,8,4,7,1,5,2,1,2,3,9,9,1,7,1,4
218:3,4,4,7,1,1,7,8,8,4,3,4,1,9,9,9,8,2,8,7,4,2,5,4,6,1,8,1,8,6
219:7,2,4,1,8,3,8,1,8,1,2,2,6,7,3,6,6,6,2,5,7,6,2,8,9,9,8,5,7,5
220:4,5,2,1,7,7,2,7,3,4,9,6,6,5,8,6,6,9,2,4,8,2,7,3,2,2,6,8,7,8
221:5,6,4,7,9,1,9,2,8,1,9,6,9,2,2,3,5,2,1,8,5,9,1,3,2,9,4,8,7,7
222:5,6,2,2,4,6,3,7,7,5,2,7,7,8,9,1,2,8,3,3,8,5,5,5,9,6,3,2,9,6
223:2,5,5,5,7,8,6,3,2,2,9,6,2,6,2,9,8,8,1,1,7,7,8,3,2,3,8,1,1,2
224:6,4,5,4,3,9,7,9,3,3,3,2,9,6,3,1,2,9,4,7,6,3,3,1,4,5,7,9,8,7
225:9,1,2,9,4,8,4,4,6,3,3,2,9,7,3,9,2,6,3,8,2,8,2,9,1,3,5,3,4,9
226:5,9,5,1,7,7,1,4,3,2,2,3,6,8,5,2,1,8,6,5,2,6,3,5,8,4,1,7,8,8
227:1,7,2,1,7,2,4,5,5,7,6,5,1,6,8,8,5,8,2,5,1,4,1,9,9,2,6,2,7,7
228:8,5,4,2,1,2,3,9,9,3,4,5,3,8,1,9,7,7,3,6,4,2,8,3,2,1,9,9,8,5
229:1,6,8,6,3,2,5,1,2,4,2,5,4,3,6,4,8,1,6,6,1,4,8,7,9,4,2,2,9,9
230:2,9,5,3,2,2,3,5,5,2,7,4,1,1,6,7,3,2,8,7,2,2,1,9,6,2,9,4,3,7
231:9,7,1,7,7,3,5,3,6,2,2,5,4,4,9,5,4,1,5,6,8,8,7,6,4,5,3,6,6,2
232:3,8,4,9,6,5,8,1,6,8,9,8,6,1,6,4,8,8,5,7,6,1,9,7,7,5,5,8,5,6
233:3,2,9,4,5,1,6,8,7,2,4,4,6,9,8,1,5,9,8,5,9,4,5,6,3,1,9,1,3,3
234:7,8,9,5,7,3,5,8,1,8,6,1,9,6,6,1,1,8,7,3,3,9,1,1,7,1,1,8,6,4
235:1,2,6,3,7,5,3,3,4,8,2,7,4,8,7,8,8,4,6,9,8,7,3,9,4,9,8,6,6,9
236:6,1,6,8,4,2,9,8,4,1,6,6,9,7,6,9,4,2,4,8,1,6,9,7,4,6,2,1,9,7
237:9,8,2,7,5,6,9,9,3,8,9,6,4,9,1,6,5,9,1,1,4,2,5,6,9,3,3,6,4,8
238:7,1,2,6,1,4,1,5,5,7,2,1,8,5,7,2,7,4,9,8,7,8,2,2,7,6,6,1,7,5
239:2,5,5,8,8,7,1,1,2,2,8,4,2,7,9,2,9,2,5,5,6,9,2,7,2,4,9,3,7,2
240:1,1,3,7,7,7,2,9,5,4,7,2,5,4,3,1,5,1,3,4,6,7,4,7,3,3,9,5,9,3
241:4,6,1,1,2,4,1,3,5,7,9,1,3,6,2,3,7,4,6,8,5,3,4,1,2,3,7,8,5,4
242:2,3,5,6,5,5,6,9,2,6,4,7,1,8,3,2,5,1,4,2,8,6,1,9,3,9,1,4,6,9
243:3,4,5,3,8,5,3,5,3,4,2,8,7,4,5,4,8,7,8,6,5,4,8,2,3,1,1,4,4,6
244:2,2,7,6,9,1,4,9,3,4,4,2,1,3,3,6,9,1,2,1,6,2,4,7,9,4,7,9,1,4
245:9,5,4,9,7,3,5,2,2,2,7,6,5,3,8,6,6,5,5,2,4,1,8,4,9,8,4,8,5,5
246:2,3,8,7,2,9,2,2,2,9,3,8,9,3,1,3,2,3,9,1,1,2,2,1,9,9,5,8,2,3
247:6,5,8,2,9,5,4,8,4,7,6,7,1,1,5,9,1,4,7,1,5,9,9,1,8,9,5,1,8,8
248:8,9,6,7,6,3,9,6,6,4,4,4,6,1,5,9,6,2,2,1,8,5,2,3,4,4,2,9,4,1
249:6,6,5,3,8,6,2,4,1,4,1,4,9,5,9,5,6,3,6,9,3,5,2,5,3,9,7,7,7,8
250:6,6,5,8,2,9,5,4,1,6,6,4,7,6,4,2,5,1,3,9,5,8,6,2,2,8,2,5,3,2
251:8,8,2,1,4,1,4,5,2,3,7,5,3,8,9,7,4,9,2,6,7,4,1,1,8,6,8,8,3,5
252:4,2,8,8,4,6,3,7,5,5,2,8,2,4,4,4,1,6,3,4,7,1,7,1,4,8,1,8,3,7
253:7,4,4,7,1,8,6,5,8,3,4,2,2,4,6,6,6,7,5,9,9,8,3,5,5,9,7,2,3,7
254:2,7,7,1,7,1,4,5,6,1,4,5,5,3,2,5,7,5,8,3,2,4,3,3,6,7,4,7,9,4
255:7,4,8,6,7,6,1,4,7,1,9,5,7,5,6,4,2,9,4,5,2,3,9,5,5,4,6,6,1,2
256:6,8,7,9,2,6,3,4,8,8,8,3,8,3,7,1,7,6,6,3,4,9,3,1,7,5,1,9,3,2
257:4,2,8,8,1,5,8,6,4,3,9,4,2,4,8,8,2,9,1,7,7,1,9,5,4,5,2,6,7,8
258:7,8,5,7,8,3,4,5,2,7,7,1,2,7,4,3,8,3,2,1,1,2,8,4,9,7,9,8,2,9
259:2,1,5,4,3,8,9,3,7,3,7,4,4,3,6,8,2,1,8,4,6,9,7,4,3,8,6,2,8,1
260:3,9,7,8,1,3,4,8,8,3,5,5,5,5,5,1,3,8,4,4,4,6,5,6,3,5,3,5,9,9
261:3,7,5,7,1,7,5,6,2,5,9,1,8,5,1,3,5,5,3,8,1,6,5,2,9,3,2,4,6,9
262:8,7,7,2,3,9,4,1,8,7,7,9,5,8,5,5,5,6,1,8,5,9,8,6,5,7,3,7,1,5
263:3,3,9,5,8,4,7,2,8,2,3,3,5,5,6,6,6,2,4,5,7,6,8,5,1,4,2,2,4,2
264:9,5,5,9,9,2,2,4,7,7,9,4,3,1,5,2,8,1,6,4,3,9,9,2,7,5,3,8,1,3
265:2,7,9,5,4,1,6,1,6,7,1,3,6,3,9,5,8,7,6,3,3,4,1,4,3,5,4,7,7,5
266:1,2,6,3,7,5,3,3,4,8,2,7,4,8,7,8,8,4,6,9,8,7,3,5,4,9,8,6,6,9
267:9,1,1,9,5,9,4,4,3,7,3,5,6,3,8,4,1,8,8,1,7,1,7,5,3,9,2,3,8,4
268:2,4,6,8,5,7,9,7,7,6,2,7,6,3,8,9,8,6,9,1,2,2,9,7,3,6,8,6,2,7
269:7,3,2,7,1,4,9,6,1,1,4,9,6,1,2,5,4,5,6,5,1,6,5,2,4,2,3,1,7,9
270:5,2,8,8,2,3,3,6,1,2,9,5,8,1,5,5,1,9,8,5,7,2,8,8,5,1,8,7,2,5
271:6,4,5,4,3,9,7,9,3,3,3,2,9,6,3,1,2,9,4,7,6,3,3,1,4,5,7,9,8,6
272:7,3,6,5,5,3,4,4,7,6,3,1,9,8,2,8,4,2,8,8,4,6,7,4,3,8,4,7,3,4
273:3,6,9,9,3,1,9,8,6,8,7,7,4,7,8,7,2,2,1,1,7,4,5,9,1,7,5,6,8,5
274:2,1,8,8,6,9,1,5,9,9,7,1,7,9,9,7,1,3,9,9,3,9,8,1,3,2,1,4,3,9
275:2,2,2,6,8,2,6,2,4,9,8,3,8,5,5,6,5,1,5,7,5,3,2,6,3,7,1,5,5,1
276:5,8,8,5,9,2,1,1,5,1,8,6,4,9,1,6,8,5,9,9,8,3,3,2,9,4,8,2,6,8
277:7,4,6,5,3,5,6,6,5,4,6,7,6,8,7,4,1,7,9,3,1,2,4,3,5,6,8,5,9,4
278:1,8,9,7,1,4,8,2,8,1,8,1,2,3,6,9,7,8,4,3,9,9,3,5,3,1,6,8,2,3
279:2,9,1,6,8,9,1,9,1,6,9,4,2,2,4,5,9,4,3,3,2,3,4,3,3,7,5,5,8,8
280:8,7,2,3,5,5,5,4,9,2,5,5,8,5,9,1,2,8,3,2,7,6,4,2,7,4,7,3,5,3
281:9,5,5,9,9,2,2,4,7,7,9,4,3,1,5,2,8,1,6,4,3,9,9,2,7,5,3,6,1,3
282:7,4,8,7,1,9,3,4,4,3,9,4,3,1,4,7,8,8,2,6,9,2,1,1,9,1,9,9,8,7
283:8,6,4,6,3,2,2,6,2,2,8,5,6,8,4,4,5,2,8,7,2,1,1,8,8,8,8,4,4,9
284:4,2,7,5,4,3,3,9,6,5,8,3,3,9,4,4,4,1,3,6,3,2,2,9,9,2,6,1,6,7
285:1,7,2,5,5,6,2,3,1,8,6,1,4,7,1,1,5,3,6,2,4,9,7,9,5,1,4,2,9,5
286:9,3,5,5,5,2,8,2,7,4,4,1,7,8,4,2,2,3,9,3,3,5,5,1,4,1,8,3,2,9
287:1,1,3,7,7,7,2,9,5,4,7,2,5,4,3,1,5,1,3,4,6,7,4,7,3,3,9,5,9,9
288:1,1,9,1,9,8,5,8,9,7,1,6,1,8,3,6,8,2,6,7,5,8,4,3,9,8,1,4,6,6
289:1,9,7,1,9,3,7,9,8,5,8,6,1,1,7,7,1,8,7,2,3,3,7,4,6,1,8,4,6,6
290:2,1,7,6,6,2,6,4,5,5,3,2,3,2,9,2,2,2,6,6,1,4,4,3,1,9,1,7,7,7
291:3,8,6,8,5,2,2,9,2,4,9,4,9,6,8,7,4,7,2,5,8,7,6,2,9,5,1,2,4,8
292:2,3,2,6,8,1,7,4,1,6,6,9,1,2,3,8,8,8,5,2,3,9,1,7,8,2,8,1,4,6
293:2,5,5,5,7,8,6,3,2,2,9,6,2,6,2,9,8,8,1,1,7,7,8,3,2,3,8,1,1,1
294:7,2,4,1,1,4,9,2,6,3,6,1,3,3,8,8,9,7,5,2,2,2,9,8,9,6,1,2,2,3
295:3,3,1,2,7,9,3,3,1,4,3,2,7,1,3,5,7,9,3,1,4,8,9,2,8,8,4,2,7,8
296:5,4,6,8,3,1,5,7,7,9,1,3,9,7,3,1,4,6,4,5,5,9,1,2,6,3,6,6,2,2
297:2,9,4,3,3,9,2,1,8,7,4,7,4,1,9,9,3,9,4,9,9,2,7,2,2,2,8,2,7,4
298:2,9,4,5,3,3,2,5,8,4,1,1,8,8,2,2,1,9,4,1,1,5,1,6,7,9,5,5,9,3
299:3,4,8,5,6,8,7,5,6,6,6,2,2,2,2,9,4,8,9,3,2,9,2,4,7,1,8,6,4,7
300:7,8,8,9,6,7,8,1,9,4,3,2,6,7,5,3,4,7,2,9,9,2,4,1,5,9,4,9,2,7
301:8,4,9,3,4,9,5,2,1,6,5,7,4,4,8,5,9,5,5,6,5,7,2,3,6,6,3,9,4,8
302:1,1,4,2,3,9,7,7,1,3,1,1,2,6,6,6,3,5,9,4,1,4,2,6,5,6,6,8,8,1
303:1,1,7,8,3,6,3,6,8,6,2,7,5,7,4,3,2,8,5,7,5,7,1,9,4,6,1,6,7,3
304:1,9,4,7,4,6,9,3,3,7,5,8,1,9,5,1,5,8,1,7,8,9,1,5,3,3,1,6,5,4
305:4,7,5,6,4,1,8,5,5,7,9,4,6,7,1,6,7,7,9,1,4,6,1,4,6,2,9,7,4,5
306:3,3,1,1,7,9,3,3,1,4,3,2,7,1,3,5,7,9,3,1,4,8,9,2,8,8,4,2,7,8
307:5,6,2,2,4,6,3,7,7,5,2,7,7,8,9,1,2,8,3,3,8,5,5,5,9,6,3,2,9,2
308:4,9,4,8,9,2,4,3,3,3,2,6,6,1,4,3,5,3,4,7,9,6,5,9,7,6,1,1,5,4
309:7,3,3,4,8,5,9,6,1,5,7,8,5,3,4,8,5,3,9,3,6,1,5,1,8,4,8,8,7,4
310:5,8,2,7,5,8,4,7,9,6,5,1,9,7,1,4,7,5,9,8,8,2,6,3,4,2,7,3,1,2
311:6,5,6,1,3,7,3,6,6,2,6,1,5,8,1,1,3,5,4,1,1,4,2,8,1,6,5,6,1,1
312:3,7,4,1,1,8,3,7,3,2,1,5,4,7,9,3,1,1,3,4,6,8,7,6,5,3,1,4,7,7
313:2,9,6,4,1,4,2,7,3,3,2,7,9,4,7,3,1,3,3,6,8,3,3,7,5,7,2,2,8,5
314:2,9,6,8,9,5,9,2,5,3,3,6,5,8,5,5,1,6,6,9,1,3,8,7,9,6,3,1,2,6
315:1,8,2,6,7,9,6,2,9,6,8,2,8,9,1,5,1,1,5,5,6,1,7,1,9,7,7,3,2,5
316:8,7,9,6,1,2,5,3,6,6,3,6,5,5,4,5,2,2,2,1,2,2,3,8,4,8,6,3,7,5
317:6,3,2,7,2,7,4,1,4,7,1,8,4,4,8,9,4,8,3,1,1,4,9,7,2,9,8,6,5,1
318:3,8,3,8,9,6,9,2,9,8,1,3,1,1,9,5,3,7,3,5,5,5,8,8,9,6,6,3,8,4
319:6,6,5,2,8,3,9,4,2,6,1,2,4,4,7,9,7,7,6,6,1,9,8,6,2,6,5,2,5,9
320:5,5,1,1,1,3,8,6,3,1,6,7,1,5,8,2,2,6,5,4,9,2,5,6,7,9,7,2,7,5
321:4,7,4,7,9,6,5,6,8,5,4,5,5,1,5,2,5,8,3,8,1,9,9,3,2,1,9,6,4,6
322:5,9,1,6,1,1,5,9,3,6,3,5,2,5,7,6,9,5,5,5,9,5,7,7,8,9,8,9,8,5
323:9,8,9,4,8,3,2,9,6,8,8,1,2,2,2,8,9,8,2,6,1,2,1,1,8,4,6,6,3,1
324:3,5,6,9,1,8,4,6,3,7,5,1,9,1,1,1,9,7,6,6,8,5,4,5,1,3,6,5,3,8
325:7,4,4,9,8,6,5,8,6,9,7,6,4,8,9,9,3,3,7,4,5,7,1,5,2,7,7,1,2,3
326:8,7,2,3,5,5,5,4,9,2,5,5,8,5,9,1,2,8,3,2,7,6,4,2,7,4,7,3,5,5
327:8,2,7,9,6,6,7,4,6,3,7,2,8,5,6,4,8,7,3,2,8,2,3,2,2,8,8,7,2,7
328:9,3,8,9,5,8,6,4,1,7,4,3,1,3,5,4,4,1,4,1,2,2,2,5,3,9,6,8,1,5
329:7,9,9,4,2,3,4,4,3,4,8,5,3,5,6,9,1,7,8,2,6,8,2,2,7,5,7,4,2,6
330:4,9,9,4,3,1,5,9,4,9,2,9,6,5,5,4,7,1,3,3,1,4,4,9,7,6,1,4,5,6
331:7,4,8,9,4,3,6,2,9,5,7,1,8,5,8,9,5,4,2,1,8,8,7,4,3,2,9,2,3,8
332:7,9,7,4,5,2,2,6,9,7,5,2,4,9,6,7,9,9,6,1,3,5,4,4,5,8,9,8,3,7
333:1,2,6,3,7,5,3,3,4,8,2,7,4,8,7,8,8,4,6,9,8,7,3,5,4,9,8,6,6,7
334:9,3,8,9,5,8,6,4,1,7,4,3,1,3,5,4,4,1,4,1,2,2,2,5,3,9,6,8,1,8
335:9,5,3,4,1,1,2,4,8,6,8,4,8,5,8,2,6,1,8,9,8,6,3,9,5,6,3,1,9,5
336:8,4,2,4,6,4,1,7,2,6,6,5,7,6,3,9,3,4,2,5,5,5,8,2,8,5,3,7,8,1
337:8,9,6,7,6,3,9,6,6,4,4,4,6,1,5,9,6,2,2,1,8,5,2,3,4,4,2,9,4,1
338:2,7,7,4,4,4,3,5,7,9,9,8,9,8,8,9,2,2,7,8,3,3,2,7,7,1,7,2,9,5
339:6,8,4,8,5,5,1,3,7,5,9,6,9,1,7,1,8,6,1,6,2,7,1,9,3,6,1,3,6,7
340:9,6,8,3,4,7,7,9,6,1,5,8,1,3,3,9,1,9,5,6,4,6,6,8,4,6,9,6,5,7
341:4,6,1,8,3,7,3,4,5,9,3,3,9,8,5,2,6,6,1,7,2,7,9,2,7,9,7,6,5,9
342:1,6,9,6,3,2,5,1,2,4,2,5,4,3,6,4,8,1,6,6,1,4,8,7,9,4,2,2,9,9
343:3,8,7,5,2,5,4,8,5,2,2,6,2,1,5,2,1,3,4,8,9,9,8,2,5,5,8,3,7,2
344:8,8,5,2,6,3,5,7,3,1,1,6,1,1,1,3,8,5,2,1,8,8,2,6,7,6,8,4,8,6
345:3,8,4,1,1,6,6,8,9,4,8,5,9,2,5,6,6,3,3,3,7,3,6,5,7,8,9,2,6,7
346:6,5,6,1,3,7,3,6,6,2,6,4,5,8,1,1,3,5,4,1,1,4,2,8,1,6,5,6,1,1
347:4,7,4,7,9,6,5,6,8,5,4,5,5,1,5,2,5,8,3,8,1,9,2,3,2,1,9,6,4,6
348:6,3,2,9,8,5,9,4,6,7,5,2,5,8,6,7,9,2,7,8,8,3,5,4,6,3,6,9,3,5
349:5,7,7,5,5,5,9,4,6,3,6,7,8,5,1,4,4,9,7,1,9,1,6,5,7,5,6,8,7,4
350:9,3,5,8,7,1,4,8,8,7,9,7,8,7,5,7,4,8,3,7,2,8,6,5,2,1,1,2,7,5
351:1,5,2,6,4,3,8,6,7,2,8,2,4,1,2,1,1,8,9,4,5,1,8,6,7,3,2,6,7,1
352:1,4,5,5,9,4,9,7,8,7,6,1,5,6,6,9,9,5,6,4,1,7,4,8,2,1,7,5,1,4
353:9,8,1,3,1,9,6,8,5,6,4,3,2,6,5,3,4,6,5,5,1,8,4,6,4,7,7,8,7,2
354:9,3,8,5,4,2,9,2,7,3,6,7,8,7,9,2,7,5,1,1,2,6,8,5,3,2,3,7,1,7
355:9,3,7,7,7,2,9,8,7,1,3,1,4,7,3,4,5,5,3,6,7,7,4,1,7,9,4,5,7,4
356:4,2,3,8,5,9,3,5,9,6,7,3,7,8,1,7,1,6,6,1,2,6,3,2,2,6,2,6,3,2
357:4,9,9,4,3,1,5,9,4,9,2,9,6,5,5,4,7,1,3,3,1,4,4,9,7,6,1,4,2,6
358:2,4,8,9,2,6,5,5,4,2,2,4,5,2,7,2,8,9,4,2,4,3,5,3,3,3,6,5,3,9
359:5,3,7,7,5,5,1,3,7,4,2,4,2,7,7,5,2,9,5,6,3,6,2,8,1,7,4,4,8,8
360:3,8,7,5,2,5,4,8,5,2,2,6,2,1,5,2,1,3,4,8,9,9,8,2,5,5,8,3,7,1
361:7,2,4,3,9,6,8,4,1,3,6,6,1,4,3,2,1,8,6,6,8,6,5,8,1,3,7,2,2,2
362:6,6,7,7,1,8,9,8,8,1,9,1,3,7,5,5,8,2,6,6,3,2,1,2,8,5,3,2,9,6
363:4,4,5,7,5,1,8,8,8,8,9,5,4,6,3,7,1,7,5,3,6,9,4,2,4,9,5,9,4,9
364:3,8,8,4,9,5,8,1,4,3,2,7,2,4,7,5,1,6,1,2,8,6,5,5,9,3,7,4,6,9
365:3,8,7,5,2,5,4,8,5,2,2,6,2,1,5,2,1,3,4,8,9,9,4,2,5,5,8,3,7,1
366:1,1,3,3,9,9,6,6,8,9,9,7,2,6,2,2,1,3,4,2,9,8,4,8,3,1,2,9,7,4
367:2,9,6,9,7,7,8,9,5,1,9,4,2,9,4,2,4,6,6,1,4,2,3,1,8,3,8,1,3,8
368:2,3,8,7,2,9,2,2,2,9,3,8,9,3,1,3,2,3,9,1,1,2,2,1,9,9,5,8,2,7
369:3,9,3,6,7,4,4,1,7,2,4,9,3,8,3,2,6,8,2,6,6,9,3,4,6,1,3,3,2,8
370:5,9,1,8,4,8,5,4,5,5,2,7,6,6,7,5,9,2,4,2,5,2,6,9,1,6,4,4,4,1
371:2,8,5,9,3,9,9,1,2,2,1,5,8,6,4,2,6,4,3,8,2,8,3,2,8,3,4,3,7,2
372:2,6,5,2,5,5,1,3,5,8,5,9,4,3,2,6,5,8,2,3,1,8,9,8,4,9,2,6,3,6
373:3,4,4,7,1,1,7,8,8,4,3,4,1,9,9,3,8,2,8,7,4,2,5,4,6,1,8,1,8,6
374:5,8,5,9,6,6,2,1,3,7,4,9,2,1,5,1,1,4,3,7,4,4,2,9,9,5,3,2,5,1
375:5,8,6,7,7,8,3,3,3,8,3,3,2,2,7,6,2,5,4,3,2,5,2,7,2,1,7,5,7,1
376:8,4,9,7,1,4,4,6,6,8,5,8,7,7,6,3,1,7,3,9,9,8,5,5,4,7,3,8,9,6
377:9,1,2,9,4,8,4,4,6,3,3,2,9,7,3,9,2,6,3,8,2,8,2,9,2,3,5,3,4,9
378:3,5,1,3,6,5,2,8,3,5,3,8,2,1,3,1,8,2,9,2,1,5,5,1,2,8,8,4,9,8
379:6,3,6,2,4,6,4,1,7,8,6,5,5,9,2,5,8,3,4,4,1,9,3,1,8,4,7,4,5,1
380:8,5,2,3,7,1,1,4,4,5,6,4,2,8,1,7,1,2,8,5,5,1,5,1,1,3,4,1,4,5
381:9,5,5,9,9,2,2,4,7,7,9,4,3,1,5,2,8,1,6,4,3,9,9,2,7,5,3,8,1,6
382:9,4,8,3,4,8,4,6,9,5,6,5,2,5,1,1,2,2,9,4,6,7,6,8,7,4,4,4,5,2
383:6,9,9,9,1,8,3,1,4,7,4,1,1,1,3,2,5,6,8,7,2,2,4,4,3,8,2,7,4,2
384:4,5,2,1,7,7,2,7,3,4,9,6,6,5,8,6,6,9,2,4,7,2,7,3,2,2,6,8,7,8
385:7,3,6,5,5,3,4,4,7,6,3,1,9,8,2,8,4,2,8,6,4,6,7,4,3,8,4,7,3,8
386:7,4,4,7,1,8,6,5,8,3,4,2,2,4,6,6,6,7,5,9,9,8,3,5,5,9,7,2,3,3
387:9,5,3,4,1,1,5,4,8,6,8,4,8,5,8,2,6,1,8,9,8,6,3,9,5,6,3,1,9,5
388:7,4,4,9,8,6,5,8,6,9,7,6,4,8,9,9,3,3,7,4,5,7,1,5,2,7,7,1,2,6
389:2,1,9,2,4,1,9,4,4,8,6,3,7,6,8,9,8,6,2,7,1,3,2,1,5,5,5,1,4,3
390:6,3,2,9,8,5,9,4,6,7,5,2,5,8,6,7,9,2,7,8,8,3,5,4,6,3,6,9,3,5
391:4,9,9,4,3,1,5,9,4,9,2,9,6,5,5,4,7,1,3,3,1,4,4,9,7,6,1,4,2,1
392:8,7,8,4,5,4,2,6,2,4,9,9,1,8,5,3,5,9,2,5,4,3,6,2,5,1,4,1,2,7
393:6,8,4,3,7,7,7,9,5,2,3,2,3,2,7,3,8,8,8,5,2,1,2,8,8,3,4,6,1,1
394:9,1,5,8,3,1,2,2,2,9,2,8,4,9,4,1,1,4,8,6,2,3,1,3,9,5,5,4,6,3
395:3,3,9,5,8,4,7,2,8,2,3,3,5,5,6,6,6,2,4,5,7,6,8,5,1,4,2,2,4,6
396:4,8,9,8,8,8,8,3,1,3,7,6,9,3,4,9,5,8,2,1,6,4,5,7,5,2,9,7,8,5
397:4,6,1,1,2,4,1,3,5,7,9,1,3,6,2,3,7,4,6,8,5,3,4,2,2,3,7,8,5,6
398:4,7,7,4,9,9,4,3,7,8,6,6,8,2,8,7,3,7,5,4,9,1,6,1,7,8,4,3,7,4
399:4,6,4,5,2,2,2,8,1,1,9,9,7,2,9,3,7,8,9,6,2,9,9,5,5,3,2,4,2,3
400:2,9,4,3,3,9,2,1,8,7,4,7,4,1,9,9,3,9,4,9,9,2,7,2,2,2,8,2,7,5
401:9,8,1,3,1,9,6,8,5,6,4,3,2,6,5,3,4,6,5,5,1,8,4,6,4,7,7,8,7,6
402:9,5,4,9,7,3,5,2,2,2,7,6,5,3,8,6,6,5,5,2,4,1,8,4,9,8,4,8,5,8
403:9,1,1,3,2,6,2,2,7,2,1,3,2,5,4,5,8,9,2,2,9,4,1,6,9,9,9,1,7,2
404:9,4,8,7,1,9,3,4,4,3,9,4,3,1,4,7,8,8,2,6,9,2,1,1,9,1,9,9,8,8
405:6,5,5,9,6,3,6,7,7,3,5,5,8,7,7,7,5,5,2,6,1,5,3,3,1,7,7,6,4,1
406:6,1,7,7,1,8,9,8,8,1,9,1,3,7,5,5,8,2,6,6,3,2,1,2,8,5,3,2,9,6
407:1,7,2,1,7,2,4,5,5,7,6,5,1,6,8,8,5,8,2,5,1,4,1,9,9,2,6,2,7,8
408:4,2,8,8,4,6,3,7,5,5,2,8,2,4,4,4,1,1,3,4,7,1,7,1,4,8,1,8,3,7
409:4,7,5,6,4,1,8,5,5,7,9,4,6,7,1,6,7,7,9,1,4,6,1,4,6,2,9,7,4,3
410:3,1,6,2,4,6,8,9,9,4,1,2,7,9,3,2,9,1,6,5,1,9,6,9,2,1,1,9,1,3
411:9,1,1,3,2,6,2,2,7,2,1,3,2,5,4,5,8,9,2,2,9,4,1,6,9,9,9,1,7,3
412:2,2,8,8,3,2,5,1,5,2,4,5,3,4,1,9,4,8,3,7,2,2,3,5,2,1,1,4,6,3
413:4,5,2,1,7,7,2,7,3,4,9,6,6,5,8,6,6,9,2,4,7,2,7,3,2,2,6,8,7,8
414:9,3,7,7,7,2,9,8,7,1,3,1,4,7,3,4,5,5,3,6,7,7,4,1,7,5,4,5,7,4
415:2,7,7,1,7,1,4,5,6,1,4,5,5,3,2,5,7,5,8,3,2,4,3,3,6,7,4,7,9,7
416:9,4,8,7,1,9,3,4,4,3,9,4,3,1,4,7,8,8,2,6,9,2,1,1,9,1,9,9,8,7
417:6,9,9,9,1,8,3,1,4,7,4,1,1,1,3,2,5,6,8,7,2,2,4,4,3,8,2,7,4,1
418:5,3,7,7,5,5,1,3,7,4,2,4,2,7,7,5,2,9,5,6,3,3,2,8,1,7,4,4,8,9
419:2,6,5,2,5,5,1,3,5,8,5,9,4,3,2,6,5,8,2,3,1,8,9,8,4,9,2,6,3,9
420:4,2,3,8,3,3,3,9,9,2,9,4,9,4,6,8,9,3,4,5,4,4,6,2,3,4,4,1,5,3
421:8,1,8,9,9,3,8,9,8,6,3,7,2,1,6,2,3,3,7,2,7,5,8,9,4,6,5,6,1,8
422:5,3,4,8,5,4,6,8,7,5,5,6,7,1,1,7,4,5,5,1,3,6,7,2,8,8,2,1,3,5
423:1,4,3,4,3,5,7,1,9,6,4,7,7,5,8,6,9,9,8,8,6,7,9,5,8,5,3,9,3,3
424:5,8,5,6,4,1,8,1,8,2,4,3,6,3,1,3,2,5,6,9,2,2,9,3,2,2,8,3,6,5
425:4,5,7,5,4,8,1,4,9,8,2,8,5,5,3,7,9,5,8,4,5,9,6,2,6,7,3,1,1,7
426:8,9,6,5,7,1,4,8,7,5,8,9,3,8,1,6,7,7,1,6,1,3,1,5,8,4,7,4,9,9
427:5,6,4,7,9,1,9,2,8,1,9,6,9,2,2,4,5,2,1,8,5,9,1,3,2,9,4,8,7,8
428:4,6,4,9,1,5,3,1,3,7,2,9,6,6,9,1,3,7,7,5,2,2,4,5,2,5,7,4,1,4
429:9,5,3,4,1,1,5,4,8,6,8,4,8,5,8,2,6,1,8,9,8,6,3,9,5,6,3,1,9,8
430:9,7,1,4,6,4,2,6,1,1,3,6,6,3,3,1,4,8,4,1,2,7,7,7,5,8,6,9,9,8
431:9,5,4,9,7,3,8,2,2,2,7,6,5,3,8,6,6,5,5,2,4,1,8,4,9,8,4,8,5,8
432:7,4,4,7,1,8,6,5,5,3,4,2,2,4,6,6,6,7,5,9,9,8,3,5,5,9,7,2,3,7
433:9,1,2,9,4,8,4,4,6,3,3,2,9,7,3,9,2,6,3,8,2,8,2,9,2,3,5,3,4,7
434:3,1,6,2,4,6,8,9,9,4,1,2,7,9,3,2,9,1,6,5,1,9,6,9,2,1,1,9,1,1
435:5,9,1,8,4,8,5,4,5,5,2,7,6,6,7,5,9,2,4,2,5,2,6,8,1,6,4,4,4,8
436:3,3,1,1,7,9,3,3,1,4,3,2,7,1,3,5,7,9,3,1,4,8,9,2,8,8,4,2,7,7
437:2,4,8,9,2,6,5,5,4,2,2,4,5,2,7,2,8,9,4,2,4,2,5,3,3,3,6,5,3,1
438:1,1,3,7,7,7,2,9,5,4,7,2,5,4,3,1,5,1,3,4,6,6,4,7,3,3,9,5,9,3
439:5,3,7,7,5,5,1,3,7,4,2,4,2,7,7,5,2,9,5,6,3,6,2,8,1,7,4,4,8,9
440:3,5,7,7,7,8,6,8,4,7,1,6,4,1,7,3,9,3,6,6,1,3,8,7,3,4,5,5,5,9
441:7,3,3,4,8,5,9,6,1,5,7,8,4,3,4,8,5,3,9,3,6,1,5,1,8,4,8,8,7,9
442:1,1,9,5,9,2,1,6,1,1,4,8,5,1,1,9,4,8,5,3,1,3,9,4,8,7,7,2,9,3
443:5,9,1,8,4,8,5,4,5,5,2,7,6,6,7,5,9,2,4,2,5,2,6,9,1,6,4,4,4,8
444:2,7,6,1,7,1,4,5,6,1,4,5,5,3,2,5,7,5,8,3,2,4,3,3,6,7,4,7,9,4
445:2,6,7,3,5,9,6,5,2,9,8,1,1,2,6,7,7,2,7,2,2,4,4,5,1,5,7,9,3,6
446:6,7,1,3,8,2,5,3,2,5,9,9,5,2,3,3,1,9,2,6,3,4,5,5,7,5,6,3,4,2
447:3,5,1,3,6,5,2,8,3,5,3,8,2,1,3,1,8,2,9,2,1,5,5,1,2,8,6,4,9,2
448:1,6,7,2,5,4,5,6,2,7,9,3,5,4,7,2,9,9,5,7,8,7,7,4,6,6,4,1,2,8
449:5,8,5,9,6,6,2,4,3,7,4,9,2,1,5,1,1,4,3,7,4,4,2,9,9,5,3,2,5,1
450:5,2,6,3,4,1,8,4,8,9,4,2,5,4,6,4,5,4,5,4,3,3,9,4,2,1,1,9,9,9
451:2,3,1,5,1,7,4,7,1,5,2,9,4,2,9,5,8,1,5,3,3,7,3,7,2,2,3,9,8,5
452:2,1,8,8,6,9,1,5,9,9,7,1,7,9,9,7,9,3,9,9,3,9,8,1,3,2,1,4,3,9
453:4,2,2,9,4,8,3,1,6,6,4,3,8,8,6,3,9,4,4,2,2,8,2,2,7,1,2,6,8,3
454:1,3,3,5,9,3,1,1,6,2,2,7,5,8,9,8,8,1,5,7,1,5,3,3,9,9,7,2,3,9
455:6,1,7,3,8,8,1,3,8,8,9,3,3,3,8,7,6,8,7,5,3,8,2,4,9,6,2,9,2,6
456:5,2,6,3,4,1,8,4,8,9,4,2,5,4,6,4,5,4,5,4,3,3,9,4,2,1,1,9,9,7
457:3,5,1,3,6,5,2,8,3,5,3,8,2,1,3,1,8,2,9,2,1,5,5,1,2,8,8,4,9,2
458:4,2,2,9,4,8,3,1,6,6,4,3,8,8,6,3,9,4,4,2,2,8,2,2,7,1,2,6,8,7
459:5,8,5,9,6,6,2,1,3,7,4,9,2,1,5,1,1,4,3,7,4,4,2,9,9,5,3,2,5,8
460:1,7,2,1,7,2,4,5,5,1,6,5,1,6,8,8,5,8,2,5,1,4,1,9,9,2,6,2,7,7
461:9,8,2,6,4,9,3,9,3,8,5,2,6,1,9,2,9,4,7,9,8,6,3,1,6,6,3,8,5,1
462:8,4,6,2,1,1,9,1,9,2,4,3,9,4,3,6,7,1,1,7,2,3,5,1,7,6,3,4,2,5
463:2,6,7,3,5,9,6,5,2,9,8,1,1,2,6,7,7,2,7,2,2,4,4,5,1,5,7,9,3,7
464:7,8,9,4,1,3,4,5,3,3,4,5,7,9,5,3,9,4,4,7,6,2,2,3,6,3,3,2,8,6
465:7,8,9,5,7,3,5,8,1,8,7,1,9,6,6,1,1,8,7,3,3,9,1,1,7,1,1,8,6,4
466:6,1,2,5,5,2,1,7,2,1,2,7,5,1,9,1,9,7,1,6,5,4,1,4,4,1,2,8,5,5
467:2,9,5,3,2,2,3,5,5,2,7,4,1,1,6,7,3,2,8,7,2,2,1,9,6,2,9,4,3,7
468:9,8,2,6,4,9,3,9,3,8,5,2,6,1,9,2,9,4,7,9,8,6,3,1,6,6,3,8,5,1
469:4,5,4,4,3,5,8,6,2,5,1,2,2,1,7,6,5,2,7,4,7,9,2,1,9,2,5,4,2,7
470:6,2,2,4,3,2,7,5,9,6,3,8,4,9,8,5,6,4,1,6,7,9,3,4,4,2,9,9,4,5
471:5,4,1,7,4,9,1,1,2,5,9,6,5,2,1,3,8,8,5,4,2,6,3,6,6,5,3,6,4,3
472:2,5,5,5,7,8,6,3,2,2,9,6,2,6,2,9,8,8,8,1,7,7,8,3,2,3,8,1,1,1
473:7,7,5,8,6,5,2,3,1,3,3,6,6,4,9,5,1,6,4,6,6,1,8,3,9,5,5,6,7,3
474:4,5,8,6,7,3,8,1,3,9,4,2,9,9,6,6,2,4,5,2,9,4,7,4,1,8,4,8,2,8
475:1,9,4,7,4,6,9,3,3,7,5,8,1,9,5,1,5,8,1,7,8,9,1,5,3,3,1,1,5,6
476:3,5,6,9,1,8,4,6,3,7,5,1,9,1,1,1,9,7,6,6,8,5,4,5,1,3,6,5,3,8
477:5,2,6,3,4,1,8,4,8,9,4,8,5,4,6,4,5,4,5,4,3,3,9,4,2,1,1,9,9,7
478:6,1,7,3,8,8,1,3,8,8,9,3,3,3,8,7,6,8,7,5,3,8,2,4,9,6,2,9,2,4
479:7,9,9,4,2,3,4,4,3,4,8,5,3,5,6,3,1,7,8,2,6,8,2,2,7,5,7,4,2,6
480:6,1,7,3,8,8,1,3,8,8,9,3,3,3,8,7,6,8,7,5,3,8,2,4,9,6,2,9,2,6
481:7,1,5,6,7,7,9,5,8,5,9,6,1,5,5,6,2,5,2,5,6,7,4,4,6,8,7,1,2,7
482:2,3,8,7,2,9,2,2,2,9,3,2,9,3,1,3,2,3,9,1,1,2,2,1,9,9,5,8,2,7
483:1,4,5,4,7,5,2,2,7,4,1,5,2,8,2,9,9,2,8,8,9,8,8,6,5,5,1,8,9,3
484:8,6,8,9,4,9,4,9,2,2,9,4,1,1,3,2,9,6,2,2,2,1,6,2,4,3,6,3,8,5
485:1,6,9,1,6,9,7,6,2,9,6,8,8,4,7,7,7,3,1,3,3,2,1,1,3,8,4,6,9,3
486:9,3,8,9,9,8,6,4,1,7,4,3,1,3,5,4,4,1,4,1,2,2,2,5,3,9,6,8,1,8
487:3,9,8,9,7,2,9,2,3,8,8,5,4,8,6,9,9,5,2,9,3,9,2,5,4,4,8,5,3,9
488:7,4,1,2,1,5,9,6,4,6,9,7,3,9,4,4,5,8,7,3,3,3,5,8,1,5,3,7,8,2
489:2,3,5,6,5,5,6,9,2,6,4,7,1,8,3,2,5,1,4,2,8,6,1,9,3,9,1,4,6,1
490:9,3,5,5,5,2,8,2,7,4,4,1,7,8,4,2,2,3,9,3,2,5,5,1,4,1,8,3,2,9
491:5,4,6,8,3,1,5,7,7,9,1,3,9,7,3,1,4,6,4,5,5,9,1,2,6,3,6,6,2,7
492:8,6,8,8,1,5,4,5,9,8,1,4,5,6,1,8,1,9,5,6,1,4,3,7,1,6,9,2,9,1
493:2,3,5,6,5,5,2,9,2,6,4,7,1,8,3,2,5,1,4,2,8,6,1,9,3,9,1,4,6,1
494:2,3,2,6,8,1,7,4,1,6,6,9,1,2,3,8,8,8,5,2,3,9,1,7,8,2,8,1,4,8
495:1,1,9,5,9,2,1,6,1,1,4,8,5,1,1,2,4,8,5,3,1,3,9,4,8,7,7,2,9,5
496:9,3,5,5,5,2,8,2,7,4,4,1,7,8,4,2,2,3,9,3,3,5,5,1,4,1,8,3,2,1
497:3,2,8,9,6,9,8,6,7,2,5,8,1,7,4,6,5,9,9,9,3,1,4,1,3,2,8,4,3,5
498:7,6,4,3,4,8,6,8,5,2,1,3,1,2,9,5,6,1,1,6,5,6,3,1,8,4,8,5,7,7
499:9,4,8,3,4,8,4,6,9,5,6,5,2,5,1,1,2,2,9,4,1,7,6,8,7,4,4,4,5,2
500:5,6,4,7,9,1,9,2,8,1,9,6,9,2,2,4,5,2,1,8,5,9,1,3,2,9,4,8,7,7